0.583333
0.833333
0.916667
0.875
0.791667
0.833333
0.833333
0.75
0.708333
0.75
0.791667
0.916667
0.75
0.666667
0.708333
0.666667
0.666667
0.625
0.708333
0.791667
0.875
0.833333
0.833333
0.916667
0.916667
0.833333
0.875
0.875
0.791667
0.833333
0.791667
0.791667
0.833333
0.875
0.875
0.833333
0.833333
0.833333
0.833333
0.75
0.916667
0.916667
0.833333
0.666667
0.666667
0.666667
0.583333
0.583333
0.583333
0.583333
0.75
0.708333
0.875
0.875
0.916667
0.916667
0.916667
0.916667
0.958333
0.916667
0.875
0.791667
0.833333
0.75
0.75
0.708333
0.708333
0.708333
0.75
0.75
0.791667
0.791667
0.791667
0.791667
0.791667
0.791667
0.791667
0.75
0.833333
0.791667
0.75
0.791667
0.791667
0.791667
0.833333
0.833333
0.791667
0.791667
0.833333
0.833333
0.75
0.75
0.75
0.75
0.791667
0.791667
0.75
0.708333
0.708333
0.708333
0.708333
0.666667
0.666667
0.791667
0.833333
0.833333
0.916667
0.875
0.875
0.875
0.916667
0.916667
0.833333
0.833333
0.791667
0.708333
0.708333
0.791667
0.791667
0.833333
0.75
0.75
0.875
0.833333
0.791667
0.791667
0.791667
0.791667
0.875
0.791667
0.875
0.875
0.875
0.916667
0.958333
0.958333
0.916667
0.916667
0.875
0.875
0.875
0.875
0.875
0.958333
0.875
0.875
0.791667
0.791667
0.791667
0.791667
0.791667
0.791667
0.833333
0.833333
0.833333
0.833333
0.833333
0.833333
0.791667
0.791667
0.75
0.708333
0.708333
0.583333
0.583333
0.458333
0.458333
0.5
0.5
0.5
0.583333
0.583333
0.666667
0.666667
0.666667
0.666667
0.666667
0.666667
0.791667
0.791667
0.791667
0.791667
0.791667
0.75
0.75
0.75
0.75
0.75
0.791667
0.75
0.791667
0.833333
0.791667
0.833333
0.791667
0.875
0.875
0.791667
0.75
0.791667
0.791667
0.708333
0.708333
0.708333
0.708333
0.666667
0.666667
0.625
0.541667
0.541667
0.541667
0.583333
0.583333
0.583333
0.583333
0.583333
0.625
0.625
0.625
0.625
0.791667
0.833333
0.833333
0.833333
0.833333
0.666667
0.625
0.625
0.625
0.5
0.5
0.5
0.541667
0.541667
0.541667
0.541667
0.541667
0.541667
0.541667
0.541667
0.791667
0.791667
0.833333
0.833333
0.833333
0.708333
0.708333
0.708333
0.666667
0.708333
0.625
0.458333
0.458333
0.458333
0.458333
0.458333
0.458333
0.458333
0.333333
0.333333
0.333333
0.333333
0.333333
0.333333
0.333333
0.333333
0.458333
0.458333
0.541667
0.541667
0.541667
0.541667
0.541667
0.541667
0.541667
0.541667
0.541667
0.541667
0.541667
0.5
0.5
0.5
0.5
0.5
0.5
0.5
0.5
0.458333
0.458333
0.458333
0.458333
0.458333
0.458333
0.375
0.375
0.375
0.375
0.375
0.416667
0.416667
0.416667
0.416667
0.416667
0.416667
0.458333
0.458333
0.458333
0.458333
0.458333
0.458333
0.458333
0.458333
0.375
0.541667
0.458333
0.458333
0.333333
0.333333
0.333333
0.333333
0.333333
0.333333
0.333333
0.333333
0.333333
0.333333
0.333333
0.333333
0.458333
0.458333
0.458333
0.458333
0.458333
0.458333
0.458333
0.458333
0.458333
0.458333
0.5
0.5
0.5
0.5
0.5
0.5
0.5
0.5
0.5
0.5
0.5
0.5
0.5
0.666667
0.666667
0.708333
0.708333
0.708333
0.666667
0.666667
0.625
0.625
0.583333
0.583333
0.625
0.625
0.625
0.625
0.625
0.625
0.625
0.625
0.625
0.625
0.75
0.583333
0.583333
0.666667
0.666667
0.666667
0.666667
0.666667
0.666667
0.666667
0.666667
0.625
0.625
0.625
0.708333
0.791667
0.666667
0.666667
0.625
0.625
0.625
0.625
0.625
0.625
0.625
0.625
0.75
0.75
0.791667
0.791667
0.708333
0.708333
0.666667
0.666667
0.666667
0.75
0.708333
0.708333
0.708333
0.708333
0.75
0.708333
0.75
0.833333
0.791667
0.833333
0.833333
0.791667
0.791667
0.791667
0.791667
0.791667
0.791667
0.833333
0.791667
0.666667
0.708333
0.708333
0.708333
0.708333
0.708333
0.666667
0.666667
0.666667
0.666667
0.666667
0.75
0.791667
0.75
0.75
0.666667
0.666667
0.666667
0.666667
0.666667
0.625
0.625
0.75
0.75
0.75
0.75
0.75
0.75
0.666667
0.666667
0.708333
0.666667
0.791667
0.708333
0.666667
0.666667
0.666667
0.666667
0.666667
0.666667
0.708333
0.708333
0.708333
0.75
0.708333
0.75
0.75
0.666667
0.666667
0.541667
0.541667
0.541667
0.541667
0.541667
0.541667
0.458333
0.458333
0.458333
0.458333
0.458333
0.583333
0.583333
0.583333
0.583333
0.583333
0.583333
0.583333
0.583333
0.583333
0.5
0.5
0.5
0.5
0.5
0.5
0.5
0.333333
0.333333
0.333333
0.333333
0.333333
0.333333
0.333333
0.333333
0.333333
0.333333
0.333333
0.333333
0.333333
0.291667
0.291667
0.291667
0.291667
0.291667
0.291667
0.291667
0.291667
0.291667
0.291667
0.291667
0.291667
0.291667
0.291667
0
